lastAccountName: _Itz_Brett_
timestamps:
  login: 1610437875032
  lastteleport: 1610438200280
  logout: 1610438338043
ipAddress: 67.6.187.188
lastlocation:
  world: world
  x: -498.6511291543466
  y: 66.0
  z: 301.28331771509687
  yaw: -71.118225
  pitch: 16.349987
logoutlocation:
  world: world
  x: -336.35595204483786
  y: 64.0
  z: -34.46622770872253
  yaw: -233.25423
  pitch: 23.700148
