lastAccountName: VeikoA
timestamps:
  login: 1608044361683
  logout: 1608044619356
ipAddress: 80.235.44.182
lastlocation:
  world: world
  x: -244.5
  y: 67.0
  z: 97.5
  yaw: 5.9199605
  pitch: 0.0
logoutlocation:
  world: world
  x: 811.509610101632
  y: 67.0
  z: -250.2387717566028
  yaw: -265.7766
  pitch: 21.450579
