lastAccountName: http_amanda
timestamps:
  login: 1608166182581
  logout: 1608166243645
ipAddress: 68.12.106.197
lastlocation:
  world: world
  x: -246.5
  y: 67.0
  z: 84.5
  yaw: 2.365406
  pitch: 0.0
logoutlocation:
  world: world
  x: -254.29574389603573
  y: 67.0
  z: 59.37523379963304
  yaw: -2.6986728
  pitch: 11.113362
