lastAccountName: Danny_wieder_da
timestamps:
  login: 1608045744664
  logout: 1608046281095
ipAddress: 95.91.249.245
lastlocation:
  world: world
  x: -244.5
  y: 67.0
  z: 97.5
  yaw: 4.8977027
  pitch: 0.0
logoutlocation:
  world: world
  x: -255.77421095222616
  y: 69.0
  z: 92.30211530216582
  yaw: -88.9236
  pitch: 13.800079
