lastAccountName: Vivzie
timestamps:
  login: 1607652450463
  logout: 1607652636862
ipAddress: 98.33.99.48
lastlocation:
  world: world
  x: -259.5
  y: 67.0
  z: 84.5
  yaw: 5.7683086
  pitch: 0.0
logoutlocation:
  world: world
  x: 95.3338865085373
  y: 69.0
  z: -760.9664428502682
  yaw: 223.97621
  pitch: 19.80006
