lastAccountName: MathWarrior_
timestamps:
  login: 1608066938070
  logout: 1608067765118
ipAddress: 47.218.37.127
lastlocation:
  world: world
  x: -245.5
  y: 67.0
  z: 95.5
  yaw: 4.044815
  pitch: 0.0
money: '155.7539999999999995'
logoutlocation:
  world: world
  x: -311.2833292422414
  y: 70.0
  z: -777.505324074179
  yaw: -206.97284
  pitch: 20.99994
