lastAccountName: Durable2
timestamps:
  login: 1608054803084
  logout: 1608054848748
ipAddress: 145.132.46.248
lastlocation:
  world: world
  x: -245.5
  y: 67.0
  z: 98.5
  yaw: 4.7851424
  pitch: 0.0
logoutlocation:
  world: world
  x: -253.35370794629685
  y: 69.0
  z: 92.65030185932746
  yaw: -84.65865
  pitch: 13.305516
