lastAccountName: CommanderHB
timestamps:
  login: 1608082866852
  logout: 1608082948467
ipAddress: 71.60.142.156
lastlocation:
  world: world
  x: -244.5
  y: 67.0
  z: 97.5
  yaw: 6.1527905
  pitch: 0.0
logoutlocation:
  world: world
  x: 970.8266558766943
  y: 66.0
  z: -90.74312036858417
  yaw: 35.126522
  pitch: 10.7998495
