lastAccountName: SwissRmyFist
timestamps:
  login: 1611609701376
  lastteleport: 1611614555127
  logout: 1611614556346
ipAddress: 86.174.172.102
lastlocation:
  world: world
  x: -255.23853600476565
  y: 63.0
  z: -107.3131217731582
  yaw: -243.09341
  pitch: 15.101307
money: '10772.141999999999997'
logoutlocation:
  world: world
  x: -253.5
  y: 69.0
  z: 92.5
  yaw: -2.9138842
  pitch: 67.05007
