lastAccountName: MrIrfan
timestamps:
  login: 1610116767126
  logout: 1610116781592
ipAddress: 180.248.121.24
lastlocation:
  world: world
  x: -256.5
  y: 67.0
  z: 87.5
  yaw: 0.10064425
  pitch: 0.0
logoutlocation:
  world: world
  x: -253.5
  y: 69.0
  z: 92.5
  yaw: -3.1234741
  pitch: 67.05007
