lastAccountName: Sorax_20
timestamps:
  login: 1608033766579
  logout: 1608033805387
ipAddress: 86.180.205.89
lastlocation:
  world: world
  x: -244.5
  y: 67.0
  z: 96.5
  yaw: 5.0190287
  pitch: 0.0
logoutlocation:
  world: world
  x: 84.4991239266721
  y: 75.0
  z: 920.6301865420761
  yaw: -7.924847
  pitch: 22.19992
