lastAccountName: ArchDemone
timestamps:
  login: 1608031951880
  logout: 1608033735838
ipAddress: 5.81.51.63
lastlocation:
  world: world
  x: -245.5
  y: 67.0
  z: 95.5
  yaw: 5.020283
  pitch: 0.0
logoutlocation:
  world: world
  x: -126.55569663398829
  y: 64.49520087700593
  z: -33.72494435268401
  yaw: 71.39981
  pitch: 12.90003
