lastAccountName: harveycreeperkil
timestamps:
  login: 1608042839984
  logout: 1608043067498
ipAddress: 5.64.121.116
lastlocation:
  world: world
  x: -260.5
  y: 67.0
  z: 102.5
  yaw: 0.76335686
  pitch: 0.0
logoutlocation:
  world: world
  x: -248.26772583401615
  y: 68.0
  z: 101.07427124862846
  yaw: 0.83033615
  pitch: 31.443623
