lastAccountName: stuupido
timestamps:
  login: 1610193956636
  logout: 1610193993041
ipAddress: 77.11.196.86
lastlocation:
  world: world
  x: -259.5
  y: 67.0
  z: 85.5
  yaw: 3.5430622
  pitch: 0.0
logoutlocation:
  world: world
  x: -262.90155113682124
  y: 63.0
  z: 189.29038376186264
  yaw: -31.127075
  pitch: 29.363235
