lastAccountName: PedanticPorpoise
timestamps:
  login: 1612888169355
  logout: 1612888175117
  lastteleport: 1612354907468
ipAddress: 82.33.185.43
lastlocation:
  world: world
  x: -253.94210213720874
  y: 69.0
  z: 90.13971100762132
  yaw: -168.76569
  pitch: 20.737875
logoutlocation:
  world: world
  x: -856.4373928518702
  y: 72.0
  z: 663.9965107403501
  yaw: 112.85234
  pitch: 20.231005
money: '1323.3950000000000244'
homes:
  home:
    world: world
    x: -838.0656745987842
    y: 69.0
    z: 652.9885517625829
    yaw: 18.647217
    pitch: 39.185883
  ef:
    world: world
    x: -834.1708486772922
    y: 70.0
    z: 652.3041263045195
    yaw: 34.38989
    pitch: 23.247278
