lastAccountName: Bl4zeBoy
timestamps:
  login: 1612802903998
  logout: 1612802996300
  lastteleport: 1612800665740
ipAddress: 62.11.2.251
lastlocation:
  world: world
  x: -1223.5352795262027
  y: 76.0
  z: 21.749078927056356
  yaw: -89.64673
  pitch: 13.409819
money: '15822.65295999999976257'
logoutlocation:
  world: world
  x: -1908.5971308622072
  y: 57.46791565227404
  z: -2535.300000011921
  yaw: -354.07837
  pitch: 89.676834
homes:
  base:
    world: world
    x: -469.51858840342413
    y: 64.0625
    z: -1476.3581309814085
    yaw: -29.004807
    pitch: 70.20002
  village:
    world: world
    x: -1917.5
    y: 53.0
    z: -2530.5
    yaw: -196.7081
    pitch: 8.885402
afk: false
