lastAccountName: Bl4zeBoy
timestamps:
  login: 1609585629851
  logout: 1609585695149
  lastteleport: 1608045257783
ipAddress: 62.11.2.251
lastlocation:
  world: world
  x: -254.1530056034477
  y: 68.0
  z: -146.69380552610207
  yaw: 354.92676
  pitch: 31.049932
money: '1705.1992000000000017'
logoutlocation:
  world: world
  x: -109.30000001192093
  y: 43.0
  z: 102.3685383141387
  yaw: 268.86414
  pitch: -10.108179
homes:
  home:
    world: world
    x: -143.97922725632776
    y: 66.0
    z: 144.0322954427786
    yaw: 353.88843
    pitch: 42.599964
