lastAccountName: Bl4zeBoy
timestamps:
  login: 1608948540849
  logout: 1608948880809
  lastteleport: 1608045257783
ipAddress: 62.11.2.251
lastlocation:
  world: world
  x: -254.1530056034477
  y: 68.0
  z: -146.69380552610207
  yaw: 354.92676
  pitch: 31.049932
money: '1697.9686000000000017'
logoutlocation:
  world: world
  x: -105.354963545646
  y: 32.0
  z: 103.38324644934879
  yaw: 81.2578
  pitch: 90.0
homes:
  home:
    world: world
    x: -143.97922725632776
    y: 66.0
    z: 144.0322954427786
    yaw: 353.88843
    pitch: 42.599964
