lastAccountName: Bl4zeBoy
timestamps:
  login: 1610468451229
  logout: 1610468556040
  lastteleport: 1610455335880
ipAddress: 62.11.2.251
lastlocation:
  world: world
  x: 344.7317050566641
  y: 6.0
  z: -930.7725825794205
  yaw: 194.80965
  pitch: 59.466248
money: '13990.34736999999996583'
logoutlocation:
  world: world
  x: -470.6810587122714
  y: 72.0
  z: -1447.0768108840123
  yaw: 109.43747
  pitch: 88.025185
homes:
  base:
    world: world
    x: -469.4420490538602
    y: 64.0
    z: -1471.4295408988864
    yaw: -128.7084
    pitch: 34.55316
  useful:
    world: world
    x: 6251.507108718985
    y: 147.0
    z: -940.332738458331
    yaw: -179.7904
    pitch: 0.0
afk: false
