lastAccountName: CrimsonXTaco
timestamps:
  login: 1608487135662
  logout: 1608487140270
ipAddress: 185.230.126.14
lastlocation:
  world: world
  x: -259.5
  y: 67.0
  z: 84.5
  yaw: 0.72572815
  pitch: 0.0
logoutlocation:
  world: world
  x: -253.5
  y: 69.0
  z: 92.5
  yaw: -3.1234741
  pitch: 67.05007
