lastAccountName: Dardahlot
timestamps:
  login: 1608035834973
  logout: 1608035902438
ipAddress: 80.115.56.239
lastlocation:
  world: world
  x: -260.5
  y: 67.0
  z: 99.5
  yaw: 3.5796955
  pitch: 0.0
logoutlocation:
  world: world
  x: -307.8332244510774
  y: 70.0
  z: 68.0425719997923
  yaw: 163.36023
  pitch: 7.9978633
