lastAccountName: SusCrafter
timestamps:
  login: 1609629183539
  logout: 1609629188650
ipAddress: 75.103.167.223
lastlocation:
  world: world
  x: -263.5
  y: 67.0
  z: 96.5
  yaw: 4.157459
  pitch: 0.0
logoutlocation:
  world: world
  x: -253.5
  y: 69.0
  z: 92.5
  yaw: -1.9686786
  pitch: 66.90007
