lastAccountName: ZDog2010
timestamps:
  login: 1608024168780
  logout: 1608024322183
ipAddress: 86.138.54.238
lastlocation:
  world: world
  x: -243.5
  y: 67.0
  z: 95.5
  yaw: 5.340967
  pitch: 0.0
logoutlocation:
  world: world
  x: -253.52475160903538
  y: 67.0
  z: 107.69999998807907
  yaw: 4.076526
  pitch: 28.500113
