lastAccountName: Crustee_Tim
timestamps:
  login: 1608061232334
  logout: 1608061429947
ipAddress: 73.53.103.19
lastlocation:
  world: world
  x: -259.5
  y: 67.0
  z: 84.5
  yaw: 0.3494614
  pitch: 0.0
logoutlocation:
  world: world_nether
  x: -45.54344843334502
  y: 59.0
  z: -151.47892509897966
  yaw: 249.9805
  pitch: -2.2500627
