lastAccountName: bendsbrown
timestamps:
  login: 1612540982292
  logout: 1612540993506
  lastteleport: 1611614298477
ipAddress: 81.178.188.99
lastlocation:
  world: world
  x: -632.4945209986988
  y: 123.0
  z: -21.157618747466426
  yaw: 164.02113
  pitch: 13.179868
logoutlocation:
  world: world
  x: -255.23819113380293
  y: 67.0
  z: 63.538019903518794
  yaw: -176.2351
  pitch: 3.578149
money: '15416.7099999999999992'
