lastAccountName: vanism
timestamps:
  login: 1607671344905
  logout: 1607671351614
  lastteleport: 1607633766859
ipAddress: 82.15.220.198
logoutlocation:
  world: world
  x: -711.9156609339304
  y: 64.0
  z: 550.2893780058868
  yaw: -358.09048
  pitch: 14.7130165
lastlocation:
  world: world
  x: -708.3313299733277
  y: 12.0
  z: 562.1622119602498
  yaw: -178.92859
  pitch: 12.450035
homes:
  home:
    world: world
    x: -713.0237925760982
    y: 64.0
    z: 549.8585863411615
    yaw: 344.72247
    pitch: 12.150052
  mine:
    world: world
    x: -708.3313299733277
    y: 12.0
    z: 562.1622119602498
    yaw: -178.92859
    pitch: 12.450035
money: '1965.0749999999999941'
