lastAccountName: vanism
timestamps:
  login: 1609677211686
  logout: 1609677479446
  lastteleport: 1609617407489
ipAddress: 82.15.220.198
logoutlocation:
  world: world
  x: -706.8797892561568
  y: 64.0
  z: 550.704941497421
  yaw: -243.907
  pitch: 17.700047
lastlocation:
  world: world
  x: -521.037241272386
  y: 64.0
  z: 681.5874072102763
  yaw: -62.60898
  pitch: 19.05
homes:
  home:
    world: world
    x: -713.0237925760982
    y: 64.0
    z: 549.8585863411615
    yaw: 344.72247
    pitch: 12.150052
  mine:
    world: world
    x: -708.0007803883052
    y: 12.0
    z: 678.6689098602259
    yaw: -179.34229
    pitch: 19.35196
money: '18067.92609999999971113'
afk: false
