lastAccountName: vanism
timestamps:
  login: 1607935766332
  logout: 1607895864267
  lastteleport: 1607893891044
ipAddress: 82.15.220.198
logoutlocation:
  world: world
  x: -706.5091142996829
  y: 64.0
  z: 550.6240162521236
  yaw: -12.958374
  pitch: 12.450285
lastlocation:
  world: world
  x: -708.0460959869887
  y: 12.0
  z: 589.4141257408526
  yaw: -181.38257
  pitch: 7.2000017
homes:
  home:
    world: world
    x: -713.0237925760982
    y: 64.0
    z: 549.8585863411615
    yaw: 344.72247
    pitch: 12.150052
  mine:
    world: world
    x: -708.0460959869887
    y: 12.0
    z: 589.4141257408526
    yaw: -181.38257
    pitch: 7.2000017
money: '4073.19964999999995532'
