lastAccountName: vanism
timestamps:
  login: 1612801296003
  logout: 1612801794002
  lastteleport: 1612702892770
ipAddress: 82.15.220.198
logoutlocation:
  world: world
  x: -710.4541222767288
  y: 64.0
  z: 548.4616224641026
  yaw: 357.43494
  pitch: 2.5500064
lastlocation:
  world: world
  x: -675.4178009893091
  y: 30.0
  z: 809.9522081358544
  yaw: -5.311432
  pitch: 16.949965
homes:
  home:
    world: world
    x: -713.0237925760982
    y: 64.0
    z: 549.8585863411615
    yaw: 344.72247
    pitch: 12.150052
  mine:
    world: world
    x: -708.0168078434526
    y: 12.0
    z: 816.8349641583962
    yaw: -180.78687
    pitch: 7.950481
  tarrin:
    world: world
    x: -336.21714894258037
    y: 70.9375
    z: 592.7772692173992
    yaw: 181.8034
    pitch: 17.113323
  mineshaft:
    world: world
    x: -657.7854867055822
    y: 30.0
    z: 819.6783095452173
    yaw: -268.56046
    pitch: 6.2999535
money: '10183.81564999999945493'
afk: false
