lastAccountName: vanism
timestamps:
  login: 1607780005696
  logout: 1607780043176
  lastteleport: 1607727982632
ipAddress: 82.15.220.198
logoutlocation:
  world: world
  x: -711.515604234422
  y: 64.0
  z: 550.3556719082457
  yaw: -61.626766
  pitch: 19.80012
lastlocation:
  world: world
  x: -708.209162481085
  y: 12.0
  z: 574.4926694185108
  yaw: -73.52637
  pitch: 15.000368
homes:
  home:
    world: world
    x: -713.0237925760982
    y: 64.0
    z: 549.8585863411615
    yaw: 344.72247
    pitch: 12.150052
  mine:
    world: world
    x: -708.209162481085
    y: 12.0
    z: 574.4926694185108
    yaw: -73.52637
    pitch: 15.000368
money: '4866.5973000000000329'
