lastAccountName: vanism
timestamps:
  login: 1608129844731
  logout: 1608129961549
  lastteleport: 1608125262896
ipAddress: 82.15.220.198
logoutlocation:
  world: world
  x: -711.3146076910774
  y: 64.0
  z: 549.9328769297057
  yaw: 245.42229
  pitch: 8.850046
lastlocation:
  world: world
  x: -241.39707197742226
  y: 68.0
  z: 71.44737198859588
  yaw: -151.02353
  pitch: 7.950061
homes:
  home:
    world: world
    x: -713.0237925760982
    y: 64.0
    z: 549.8585863411615
    yaw: 344.72247
    pitch: 12.150052
  mine:
    world: world
    x: -708.1814680802306
    y: 12.0
    z: 606.1994779088262
    yaw: -181.52795
    pitch: 11.39866
money: '6793.38789999999983870'
