lastAccountName: vanism
timestamps:
  login: 1607605126802
  logout: 1607605579354
  lastteleport: 1607605225263
ipAddress: 82.15.220.198
logoutlocation:
  world: world
  x: -711.9482285428628
  y: 64.0
  z: 550.6035786033556
  yaw: -71.821106
  pitch: 27.00005
lastlocation:
  world: world
  x: -253.4320897483183
  y: 69.0
  z: 93.22549872586599
  yaw: 4.8259583
  pitch: 3.6000583
homes:
  home:
    world: world
    x: -711.968655877432
    y: 64.0
    z: 550.5615584185016
    yaw: 269.87756
    pitch: 23.400118
