lastAccountName: vanism
timestamps:
  login: 1609020264226
  logout: 1609020308981
  lastteleport: 1608987102945
ipAddress: 82.15.220.198
logoutlocation:
  world: world
  x: -711.6283349810542
  y: 64.0
  z: 548.9841902661801
  yaw: -1.6476448
  pitch: 23.699965
lastlocation:
  world: world
  x: -258.55112505374314
  y: 67.0
  z: 108.13335205974786
  yaw: -124.1709
  pitch: 3.0000706
homes:
  home:
    world: world
    x: -713.0237925760982
    y: 64.0
    z: 549.8585863411615
    yaw: 344.72247
    pitch: 12.150052
  mine:
    world: world
    x: -708.0489250775227
    y: 12.0
    z: 658.0146347814408
    yaw: -178.1145
    pitch: 12.300205
money: '16987.45434999999973853'
afk: false
