lastAccountName: vanism
timestamps:
  login: 1610548558886
  logout: 1610548999230
  lastteleport: 1610494152669
ipAddress: 82.15.220.198
logoutlocation:
  world: world
  x: -707.7766757567236
  y: 64.0
  z: 550.4332493562765
  yaw: -230.67755
  pitch: 7.7999773
lastlocation:
  world: world
  x: -526.0943104833808
  y: 77.0
  z: 46.83158427188973
  yaw: -124.81741
  pitch: 2.1000633
homes:
  home:
    world: world
    x: -713.0237925760982
    y: 64.0
    z: 549.8585863411615
    yaw: 344.72247
    pitch: 12.150052
  mine:
    world: world
    x: -780.9998292297722
    y: 23.0
    z: 637.5868309455923
    yaw: -268.99866
    pitch: 5.6991653
money: '24037.25459999999957683'
afk: false
