lastAccountName: M33p_
timestamps:
  login: 1609948464514
  logout: 1609948592776
ipAddress: 89.64.19.75
lastlocation:
  world: world
  x: -263.5
  y: 67.0
  z: 100.5
  yaw: 4.203399
  pitch: 0.0
money: '250.0'
logoutlocation:
  world: world
  x: 584.3000000119209
  y: 86.0
  z: 364.1958099417525
  yaw: -106.56459
  pitch: 16.35011
