lastAccountName: creeperface2040
timestamps:
  login: 1608981121104
  logout: 1608981135606
ipAddress: 95.96.117.106
lastlocation:
  world: world
  x: -259.5
  y: 67.0
  z: 94.5
  yaw: 4.350383
  pitch: 0.0
logoutlocation:
  world: world
  x: -254.25199123811905
  y: 69.0
  z: 88.86430205445401
  yaw: 178.07613
  pitch: 18.599848
