lastAccountName: I_bought_a_shpek
timestamps:
  login: 1609318885255
  logout: 1609318936368
ipAddress: 81.25.77.221
lastlocation:
  world: world
  x: -263.5
  y: 67.0
  z: 87.5
  yaw: 2.8463862
  pitch: 0.0
logoutlocation:
  world: world
  x: -209.79232657210633
  y: 75.0
  z: 261.28493684989803
  yaw: -106.76761
  pitch: 5.140367
