lastAccountName: gabl
timestamps:
  login: 1608751382569
  logout: 1608751399022
ipAddress: 80.110.121.214
lastlocation:
  world: world
  x: -256.5
  y: 67.0
  z: 97.5
  yaw: 5.1402082
  pitch: 0.0
logoutlocation:
  world: world
  x: -263.58583137325945
  y: 67.0
  z: 91.76415383474112
  yaw: -262.4734
  pitch: 14.700062
