lastAccountName: Wiktorek7
timestamps:
  login: 1608140324680
  lastteleport: 1608140809432
  logout: 1608141254841
ipAddress: 213.172.174.234
lastlocation:
  world: world
  x: -253.43599101380096
  y: 69.0
  z: 95.07647782527141
  yaw: -3.1234741
  pitch: 67.05007
logoutlocation:
  world: world
  x: -285.275987742761
  y: 68.0
  z: 110.36796413361654
  yaw: -1.564209
  pitch: 25.376347
