lastAccountName: 2fewChars
timestamps:
  login: 1608090355102
  logout: 1608090368311
ipAddress: 71.199.60.72
lastlocation:
  world: world
  x: -263.5
  y: 67.0
  z: 96.5
  yaw: 0.16181654
  pitch: 0.0
logoutlocation:
  world: world
  x: -253.46799550690048
  y: 69.0
  z: 93.7895772596441
  yaw: -3.1234741
  pitch: 67.05007
