lastAccountName: WhiteRabbitWolf
timestamps:
  login: 1608025003039
  logout: 1608025080736
  lastteleport: 1608025014979
ipAddress: 80.114.237.87
lastlocation:
  world: world
  x: -375.83029928194725
  y: 66.0
  z: -641.3414218406913
  yaw: 309.77628
  pitch: -4.499986
logoutlocation:
  world: world
  x: -264.3000000119209
  y: 67.0
  z: 97.84438537692063
  yaw: -66.87375
  pitch: 31.649975
