lastAccountName: Epicminer411
timestamps:
  login: 1608046243833
  logout: 1608046617450
ipAddress: 75.62.232.249
lastlocation:
  world: world
  x: -257.5
  y: 67.0
  z: 102.5
  yaw: 6.1384654
  pitch: 0.0
logoutlocation:
  world: world
  x: -870.9592397729226
  y: 67.0
  z: -846.032351646602
  yaw: 156.87712
  pitch: 16.292261
