lastAccountName: Zonelesi
timestamps:
  login: 1607671045855
  logout: 1607653264410
ipAddress: 92.22.135.147
lastlocation:
  world: world
  x: -263.5
  y: 67.0
  z: 101.5
  yaw: 1.4226253
  pitch: 0.0
money: '3980.4250000000000437'
logoutlocation:
  world: world
  x: 903.6524999365587
  y: 12.0
  z: 318.421952231882
  yaw: -348.60718
  pitch: 12.000078
