lastAccountName: Zonelesi
timestamps:
  login: 1608127090826
  logout: 1608130600093
  lastteleport: 1608130457430
ipAddress: 92.5.216.156
lastlocation:
  world: world
  x: -1818.7372044334554
  y: 12.0
  z: -5873.300000011921
  yaw: -256.56018
  pitch: 35.24988
money: '15499.64602500000011883'
logoutlocation:
  world: world
  x: -377.59452322717533
  y: 68.9962968405392
  z: -1234.2561032720837
  yaw: -205.65036
  pitch: 5.6999936
homes:
  home:
    world: world
    x: -393.5
    y: 68.0
    z: -1250.5
    yaw: -0.44970283
    pitch: 14.1000185
  ch:
    world: world
    x: -1902.4236086348849
    y: 70.0
    z: -5834.900987246586
    yaw: -21.212646
    pitch: 27.300154
