lastAccountName: Zonelesi
timestamps:
  login: 1608966171225
  logout: 1608973017274
  lastteleport: 1608972944710
ipAddress: 92.4.181.157
lastlocation:
  world: world
  x: -368.7901182774776
  y: 64.0
  z: -1276.438872042046
  yaw: -333.90045
  pitch: 13.04965
money: '18085.35627499999960182'
logoutlocation:
  world: world
  x: -411.38065773338053
  y: 55.0
  z: -1256.8514527133063
  yaw: -174.6
  pitch: 9.300015
homes:
  ch:
    world: world_the_end
    x: -8941.5
    y: 94.0
    z: -19757.5
    yaw: -179.5484
    pitch: 29.8498
  mine:
    world: world
    x: 5957.650952772798
    y: 12.0
    z: -916.9957733374986
    yaw: -88.964355
    pitch: 13.80004
  home2:
    world: world
    x: 5944.933529000121
    y: 64.0
    z: -957.144372725443
    yaw: -90.7656
    pitch: 12.90035
  bun:
    world: world
    x: -394.9174124287223
    y: 55.0
    z: -1267.7585681780295
    yaw: -5.250003
    pitch: -1.8000002
afk: false
