lastAccountName: Zonelesi
timestamps:
  login: 1607780201996
  logout: 1607779854046
  lastteleport: 1607779511300
ipAddress: 92.22.135.147
lastlocation:
  world: world
  x: -493.69999998807907
  y: 12.0
  z: 916.985708176951
  yaw: -2.3920288
  pitch: 32.099686
money: '18378.67499999999996478'
logoutlocation:
  world: world
  x: 886.5908807724202
  y: 12.0
  z: 484.69999998807907
  yaw: 160.04994
  pitch: 15.150113
homes:
  home:
    world: world
    x: 906.8504330302534
    y: 12.0
    z: 317.1384246474243
    yaw: -266.8506
    pitch: 6.000119
