lastAccountName: Puma_F
timestamps:
  login: 1608042364534
  logout: 1608042535997
ipAddress: 75.74.95.111
lastlocation:
  world: world
  x: -262.5
  y: 67.0
  z: 97.5
  yaw: 1.2958201
  pitch: 0.0
logoutlocation:
  world: world
  x: -250.77722668044083
  y: 68.0
  z: 69.69999998807907
  yaw: -1.0228854
  pitch: 47.100037
