lastAccountName: Knight_Sparrow
timestamps:
  login: 1609109025387
  logout: 1609110407048
  lastteleport: 1609103490337
ipAddress: 92.53.59.109
lastlocation:
  world: world
  x: 709.6640433435251
  y: 64.0
  z: 1217.3591384143822
  yaw: 43.94456
  pitch: 28.949984
money: '250.0'
logoutlocation:
  world: world
  x: -713.0387073648765
  y: 64.0
  z: 540.4481914653035
  yaw: 165.01721
  pitch: 9.150179
