lastAccountName: noksukau85
timestamps:
  login: 1609425740968
  logout: 1609426213509
ipAddress: 217.83.72.216
lastlocation:
  world: world
  x: -257.5
  y: 67.0
  z: 101.5
  yaw: 0.6599102
  pitch: 0.0
money: '250.0'
logoutlocation:
  world: world
  x: -253.4760733219696
  y: 69.0
  z: 91.58547618753624
  yaw: -58.852264
  pitch: 21.338377
