lastAccountName: itz_fuse
timestamps:
  login: 1608045245384
  logout: 1608045308909
ipAddress: 2.96.131.2
lastlocation:
  world: world
  x: -263.5
  y: 67.0
  z: 87.5
  yaw: 0.9388455
  pitch: 0.0
logoutlocation:
  world: world
  x: -240.69999998807913
  y: 67.0
  z: 94.21813432106353
  yaw: -152.68634
  pitch: 15.66651
