lastAccountName: Ice_Man_913
timestamps:
  login: 1608076149202
  logout: 1608076191662
ipAddress: 143.59.168.81
lastlocation:
  world: world
  x: -262.5
  y: 67.0
  z: 87.5
  yaw: 1.6479613
  pitch: 0.0
logoutlocation:
  world: world
  x: -686.1801356845167
  y: 109.38139979611117
  z: -532.8545693642989
  yaw: -178.17786
  pitch: 19.558203
