lastAccountName: Murderbot96
timestamps:
  login: 1608044005584
  logout: 1608045926159
ipAddress: 109.157.226.32
lastlocation:
  world: world
  x: -256.5
  y: 67.0
  z: 97.5
  yaw: 0.75457716
  pitch: 0.0
logoutlocation:
  world: world
  x: 905.3597241960379
  y: 51.0
  z: -811.522861435127
  yaw: -98.074844
  pitch: 46.949993
