lastAccountName: TescoGaming
timestamps:
  login: 1608042584785
  logout: 1608042868456
ipAddress: 86.0.44.160
lastlocation:
  world: world
  x: -257.5
  y: 67.0
  z: 97.5
  yaw: 4.956516
  pitch: 0.0
logoutlocation:
  world: world
  x: 496.7835682769271
  y: 65.0
  z: 721.2728029173645
  yaw: 254.34497
  pitch: 35.38409
