lastAccountName: bricker1462
timestamps:
  login: 1607694438105
  logout: 1607694516209
ipAddress: 89.36.64.157
lastlocation:
  world: world
  x: -246.5
  y: 67.0
  z: 84.5
  yaw: 4.8870363
  pitch: 0.0
logoutlocation:
  world: world
  x: -253.38072171643503
  y: 69.0
  z: 92.95081656509656
  yaw: -12.055955
  pitch: 32.92906
