lastAccountName: 1mpasta
timestamps:
  login: 1612021403701
  logout: 1612021466164
ipAddress: 2.96.200.105
lastlocation:
  world: world
  x: -244.5
  y: 67.0
  z: 95.5
  yaw: 3.9196172
  pitch: 0.0
logoutlocation:
  world: world
  x: -268.9861326006936
  y: 64.0
  z: 173.45828011101554
  yaw: 38.327236
  pitch: 16.090965
