lastAccountName: Aesthetic
timestamps:
  login: 1608059004884
  logout: 1608059144699
ipAddress: 73.71.195.118
lastlocation:
  world: world
  x: -244.5
  y: 67.0
  z: 95.5
  yaw: 2.085538
  pitch: 0.0
logoutlocation:
  world: world
  x: -257.80621932902784
  y: 69.0
  z: 93.05599748078734
  yaw: -254.12277
  pitch: 31.135374
