lastAccountName: bananacrusherpvp
timestamps:
  login: 1608028590079
  logout: 1608028623735
ipAddress: 144.126.193.89
lastlocation:
  world: world
  x: -260.5
  y: 67.0
  z: 99.5
  yaw: 3.4164248
  pitch: 0.0
logoutlocation:
  world: world
  x: -253.5
  y: 69.0
  z: 92.5
  yaw: -3.1234741
  pitch: 67.05007
