lastAccountName: Ruviaxxx
timestamps:
  login: 1608045785684
  logout: 1608046314496
ipAddress: 77.9.13.57
lastlocation:
  world: world
  x: -259.5
  y: 67.0
  z: 94.5
  yaw: 2.488284
  pitch: 0.0
logoutlocation:
  world: world
  x: -253.42983990093495
  y: 69.0
  z: 91.1235587313245
  yaw: 334.07578
  pitch: 21.899998
