lastAccountName: GrassPlant
timestamps:
  login: 1608028091080
  logout: 1608028457035
ipAddress: 178.119.196.9
lastlocation:
  world: world
  x: -257.5
  y: 67.0
  z: 97.5
  yaw: 3.8760538
  pitch: 0.0
logoutlocation:
  world: world
  x: -253.35370794629685
  y: 69.0
  z: 92.65030185932746
  yaw: 3.4902642
  pitch: 65.88295
