lastAccountName: '4730'
timestamps:
  login: 1608090174356
  logout: 1608090187563
ipAddress: 75.181.68.166
lastlocation:
  world: world
  x: -263.5
  y: 67.0
  z: 101.5
  yaw: 1.2392117
  pitch: 0.0
logoutlocation:
  world: world
  x: -276.7149316518633
  y: 67.0
  z: 93.18876967937409
  yaw: -269.71802
  pitch: 8.941265
