lastAccountName: Heiniken
timestamps:
  login: 1608054583823
  logout: 1608054715045
ipAddress: 81.18.228.75
lastlocation:
  world: world
  x: -245.5
  y: 67.0
  z: 98.5
  yaw: 2.2088892
  pitch: 0.0
logoutlocation:
  world: world
  x: -255.9019654579613
  y: 69.0
  z: 92.17127589591368
  yaw: 269.2696
  pitch: 4.1999865
