lastAccountName: KinikoYT
timestamps:
  login: 1610473898530
  logout: 1610473977785
ipAddress: 77.189.235.125
lastlocation:
  world: world
  x: -250.5
  y: 67.0
  z: 87.5
  yaw: 5.3187246
  pitch: 0.0
logoutlocation:
  world: world
  x: -229.74941396686296
  y: 67.0
  z: 122.88181371853267
  yaw: -136.06523
  pitch: 11.700029
