lastAccountName: Polnare
timestamps:
  login: 1610652156922
  logout: 1610653953288
  lastteleport: 1610653363573
ipAddress: 74.221.202.247
lastlocation:
  world: world
  x: -268.6321336340416
  y: 64.0
  z: 174.40370324789853
  yaw: 38.68136
  pitch: 19.35001
money: '500.0'
logoutlocation:
  world: world
  x: -411.9486795323679
  y: 64.0
  z: 1227.619929248076
  yaw: -118.824036
  pitch: 36.000034
homes:
  home:
    world: world
    x: -409.99887497938084
    y: 64.0
    z: 1220.8564951085154
    yaw: -348.91885
    pitch: 16.04982
