lastAccountName: Youknowit665
timestamps:
  login: 1607629991468
  logout: 1607630795316
ipAddress: 73.20.28.130
lastlocation:
  world: world
  x: -250.5
  y: 67.0
  z: 102.5
  yaw: 0.9801437
  pitch: 0.0
logoutlocation:
  world: world
  x: -258.30518706548366
  y: 69.0
  z: 93.29041297555777
  yaw: 129.3431
  pitch: 16.950487
