lastAccountName: sonnyb123
timestamps:
  login: 1608091021602
  logout: 1608091084811
ipAddress: 73.113.188.123
lastlocation:
  world: world
  x: -245.5
  y: 67.0
  z: 98.5
  yaw: 0.20373444
  pitch: 0.0
logoutlocation:
  world: world
  x: -231.24405631015068
  y: 77.0
  z: 41.35495394423076
  yaw: -297.72296
  pitch: 17.100113
