lastAccountName: Merrooowww
timestamps:
  login: 1610793016478
  logout: 1610793022563
ipAddress: 69.118.193.97
lastlocation:
  world: world
  x: -243.5
  y: 67.0
  z: 94.5
  yaw: 3.5883415
  pitch: 0.0
logoutlocation:
  world: world
  x: -253.0955080457956
  y: 68.0
  z: 110.80489525037795
  yaw: 9.712445
  pitch: 21.154346
