lastAccountName: MajorCacner
timestamps:
  login: 1608083731902
  logout: 1608084601419
ipAddress: 184.161.177.112
lastlocation:
  world: world
  x: -244.5
  y: 67.0
  z: 85.5
  yaw: 0.80950636
  pitch: 0.0
logoutlocation:
  world: world
  x: -330.2775028037282
  y: 72.0
  z: 509.9892852313482
  yaw: -48.300022
  pitch: 0.29999852
