lastAccountName: gman10777
timestamps:
  login: 1608067224827
  logout: 1608067871659
ipAddress: 73.159.27.140
lastlocation:
  world: world
  x: -262.5
  y: 67.0
  z: 86.5
  yaw: 4.9712906
  pitch: 0.0
logoutlocation:
  world: world
  x: -241.55113494105657
  y: 67.5
  z: 72.95035862629132
  yaw: -323.22656
  pitch: 20.64944
