lastAccountName: Pokeboy1234
timestamps:
  login: 1608024692438
  logout: 1608024697033
ipAddress: 82.24.139.138
lastlocation:
  world: world
  x: -257.5
  y: 67.0
  z: 97.5
  yaw: 4.4229164
  pitch: 0.0
logoutlocation:
  world: world
  x: -253.5
  y: 69.0
  z: 92.5
  yaw: -89.13782
  pitch: 23.13138
