lastAccountName: Simbaaa
timestamps:
  login: 1608063375034
  logout: 1608063421547
ipAddress: 173.49.119.17
lastlocation:
  world: world
  x: -246.5
  y: 67.0
  z: 84.5
  yaw: 5.5125
  pitch: 0.0
logoutlocation:
  world: world
  x: -258.47831820992474
  y: 69.0
  z: 92.85344026214544
  yaw: -274.02087
  pitch: 12.715038
