lastAccountName: _Yeetmeister_
timestamps:
  login: 1608080725952
  logout: 1608081405560
ipAddress: 24.188.72.39
lastlocation:
  world: world
  x: -262.5
  y: 67.0
  z: 102.5
  yaw: 1.7636609
  pitch: 0.0
logoutlocation:
  world: world
  x: -141.3175593766031
  y: 64.0
  z: 18.346594009094222
  yaw: 204.92686
  pitch: 29.399832
