lastAccountName: Gebradenkip05
timestamps:
  login: 1608074590463
  logout: 1608079010606
ipAddress: 82.73.101.18
lastlocation:
  world: world
  x: -243.5
  y: 67.0
  z: 84.5
  yaw: 1.7495524
  pitch: 0.0
logoutlocation:
  world: world
  x: 1195.473931228648
  y: 67.0
  z: -1075.5459699373791
  yaw: -256.35205
  pitch: 18.300114
money: '2940.0'
