lastAccountName: Binoxis1
timestamps:
  login: 1611271824529
  logout: 1611271896285
ipAddress: 92.53.59.205
lastlocation:
  world: world
  x: -245.5
  y: 67.0
  z: 95.5
  yaw: 0.6137883
  pitch: 0.0
logoutlocation:
  world: world
  x: -253.5
  y: 69.0
  z: 92.5
  yaw: -1.3686782
  pitch: -2.2499194
