lastAccountName: St3rbenRGC
timestamps:
  login: 1608049250033
  logout: 1608049517748
ipAddress: 77.111.37.23
lastlocation:
  world: world
  x: -244.5
  y: 67.0
  z: 96.5
  yaw: 3.450109
  pitch: 0.0
money: '16.2900000000000001'
logoutlocation:
  world: world
  x: -863.6999999880791
  y: 57.0
  z: 218.39241995992518
  yaw: 88.826355
  pitch: 55.200134
