lastAccountName: lyssiloo01
timestamps:
  login: 1612165422526
  logout: 1612165446053
ipAddress: 137.152.185.209
lastlocation:
  world: world
  x: -256.5
  y: 67.0
  z: 97.5
  yaw: 2.9470654
  pitch: 0.0
logoutlocation:
  world: world
  x: -268.5379697754733
  y: 67.0
  z: 80.61646816452526
  yaw: 118.33126
  pitch: -21.59992
