lastAccountName: WPA2
timestamps:
  login: 1608077437902
  logout: 1608077495809
ipAddress: 142.129.167.32
lastlocation:
  world: world
  x: -245.5
  y: 67.0
  z: 98.5
  yaw: 3.7911408
  pitch: 0.0
logoutlocation:
  world: world
  x: -253.87682074785457
  y: 67.0
  z: 140.86956793870905
  yaw: 183.01617
  pitch: 20.881346
