lastAccountName: benBigwilly
timestamps:
  login: 1609275328789
  logout: 1609275380947
ipAddress: 38.21.217.82
lastlocation:
  world: world
  x: -263.5
  y: 67.0
  z: 96.5
  yaw: 0.31101653
  pitch: 0.0
logoutlocation:
  world: world
  x: -252.61662894531756
  y: 67.0
  z: 105.60071199191366
  yaw: 157.90675
  pitch: 11.695942
