lastAccountName: RabzoiGaming
timestamps:
  login: 1610221221839
  logout: 1610221246746
ipAddress: 197.185.103.28
lastlocation:
  world: world
  x: -262.5
  y: 67.0
  z: 102.5
  yaw: 3.6653938
  pitch: 0.0
logoutlocation:
  world: world
  x: -245.6777299510118
  y: 67.0
  z: 89.66184342107701
  yaw: 188.2316
  pitch: 27.600086
