lastAccountName: FTSenLoLx2
timestamps:
  login: 1611986723931
  logout: 1611986803915
ipAddress: 186.158.132.42
lastlocation:
  world: world
  x: -263.5
  y: 67.0
  z: 101.5
  yaw: 0.94212747
  pitch: 0.0
logoutlocation:
  world: world
  x: -286.69999998807907
  y: 62.0
  z: 220.5755348380214
  yaw: 24.100452
  pitch: 4.8000607
