lastAccountName: shaneyaw
timestamps:
  login: 1608499476862
  logout: 1608499480166
ipAddress: 87.113.192.94
lastlocation:
  world: world
  x: -261.5
  y: 67.0
  z: 100.5
  yaw: 2.0459907
  pitch: 0.0
logoutlocation:
  world: world
  x: -253.5
  y: 69.0
  z: 92.5
  yaw: -19.280846
  pitch: 5.9184647
