lastAccountName: k_the_gamer1
timestamps:
  login: 1607799130926
  logout: 1607800012324
ipAddress: 82.15.220.198
lastlocation:
  world: world
  x: -257.5
  y: 67.0
  z: 97.5
  yaw: 1.0172422
  pitch: 0.0
money: '143.6875000000000007'
logoutlocation:
  world: world
  x: -250.7352787172258
  y: 67.0
  z: 83.11024658335941
  yaw: 7.119629
  pitch: 26.54989
