lastAccountName: PartyTonight1
timestamps:
  login: 1612309111506
  logout: 1612309265818
ipAddress: 96.2.154.23
lastlocation:
  world: world
  x: -244.5
  y: 67.0
  z: 96.5
  yaw: 3.1470642
  pitch: 0.0
logoutlocation:
  world: world
  x: -253.35370794629685
  y: 69.0
  z: 92.65030185932746
  yaw: -2.4186873
  pitch: 11.100046
