lastAccountName: TTVxTrevz
timestamps:
  login: 1608042895734
  logout: 1608043137450
ipAddress: 46.65.70.236
lastlocation:
  world: world
  x: -260.5
  y: 67.0
  z: 85.5
  yaw: 1.2979541
  pitch: 0.0
logoutlocation:
  world: world
  x: -273.6328078528065
  y: 68.0
  z: 50.067638641141954
  yaw: -338.81714
  pitch: 10.499721
