lastAccountName: richardscraft12
timestamps:
  login: 1610267936410
  logout: 1610268228561
ipAddress: 73.243.205.75
lastlocation:
  world: world
  x: -243.5
  y: 67.0
  z: 84.5
  yaw: 0.06834078
  pitch: 0.0
logoutlocation:
  world: world
  x: -257.7777603107569
  y: 69.0
  z: 92.51907637865324
  yaw: 74.03673
  pitch: 9.54631
