lastAccountName: X9gen
timestamps:
  login: 1609184963421
  logout: 1609189328984
ipAddress: 91.192.21.25
lastlocation:
  world: world
  x: -244.5
  y: 67.0
  z: 85.5
  yaw: 3.811369
  pitch: 0.0
money: '250.0'
logoutlocation:
  world: world
  x: -217.30400484336872
  y: 71.0
  z: 656.0009787619076
  yaw: 1.0046154
  pitch: 32.99963
