lastAccountName: Pensiive_
timestamps:
  login: 1608055836784
  logout: 1608055872100
ipAddress: 65.60.213.64
lastlocation:
  world: world
  x: -263.5
  y: 67.0
  z: 98.5
  yaw: 4.931407
  pitch: 0.0
logoutlocation:
  world: world
  x: -536.6999999880791
  y: 60.0
  z: -834.4097309472182
  yaw: -331.6233
  pitch: -3.5998077
