lastAccountName: ImJarHed
timestamps:
  login: 1608870122017
  lastteleport: 1608197123236
  logout: 1608870316577
ipAddress: 98.160.214.120
lastlocation:
  world: world
  x: -1126.0700056108487
  y: 11.0
  z: -1139.9247671146054
  yaw: 273.64478
  pitch: 20.028215
homes:
  home:
    world: world
    x: -1113.3283277886362
    y: 57.0
    z: -1061.3512236611803
    yaw: 173.17578
    pitch: 37.5753
logoutlocation:
  world: world
  x: -1121.6509514385202
  y: 55.0
  z: -1048.300000011921
  yaw: 180.40118
  pitch: 15.658179
money: '4394.38000000000010204'
