lastAccountName: ImJarHed
timestamps:
  login: 1608098783902
  lastteleport: 1608101298501
  logout: 1608104254515
ipAddress: 98.160.214.120
lastlocation:
  world: world
  x: -253.16272863122896
  y: 69.0
  z: 92.32770093753341
  yaw: 97.41162
  pitch: 32.380302
homes:
  home:
    world: world
    x: -1113.3283277886362
    y: 57.0
    z: -1061.3512236611803
    yaw: 173.17578
    pitch: 37.5753
logoutlocation:
  world: world
  x: -1109.3886711732055
  y: 59.0
  z: -1064.8483122962873
  yaw: 182.9209
  pitch: 19.981342
