lastAccountName: ImJarHed
timestamps:
  login: 1609480050103
  lastteleport: 1609479335053
  logout: 1609480067021
ipAddress: 98.160.214.120
lastlocation:
  world: world
  x: -1121.6153683560176
  y: 71.0
  z: -1053.7708585797598
  yaw: 274.2431
  pitch: 13.540052
homes:
  home:
    world: world
    x: -1111.6026805294919
    y: 71.0
    z: -1057.1626868428762
    yaw: 64.76441
    pitch: 3.4527712
  endportal:
    world: world_the_end
    x: -625.5594717750013
    y: 62.0
    z: 818.8945974030503
    yaw: 205.7865
    pitch: 30.711288
logoutlocation:
  world: world
  x: -1120.5
  y: 71.0
  z: -1050.5
  yaw: 212.27612
  pitch: 24.413157
money: '22230.10100000000051624'
afk: false
