lastAccountName: LiterallyAAAAA
timestamps:
  login: 1608062475236
  logout: 1608062487893
ipAddress: 73.162.65.81
lastlocation:
  world: world
  x: -257.5
  y: 67.0
  z: 97.5
  yaw: 2.4520237
  pitch: 0.0
logoutlocation:
  world: world
  x: -253.07762806959295
  y: 67.0
  z: 113.30916761908851
  yaw: -1.9780623
  pitch: 13.279375
