lastAccountName: YanniYK
timestamps:
  login: 1612567413829
  logout: 1612568367940
ipAddress: 185.97.93.8
lastlocation:
  world: world
  x: -246.5
  y: 67.0
  z: 83.5
  yaw: 0.78767604
  pitch: 0.0
logoutlocation:
  world: world
  x: 24687.387416785394
  y: 61.335694816013245
  z: 753.8253823765515
  yaw: -345.1503
  pitch: 30.316938
