lastAccountName: MultiPalg
timestamps:
  login: 1609708427567
  logout: 1609709285481
ipAddress: 92.53.59.160
lastlocation:
  world: world
  x: -259.5
  y: 67.0
  z: 94.5
  yaw: 2.6867063
  pitch: 0.0
logoutlocation:
  world: world
  x: -730.2200726671769
  y: 64.0
  z: 558.5513606784405
  yaw: -111.669945
  pitch: 9.749951
