lastAccountName: Mundunugu
timestamps:
  login: 1608601346450
  logout: 1608601398957
ipAddress: 75.103.167.223
lastlocation:
  world: world
  x: -243.5
  y: 67.0
  z: 94.5
  yaw: 0.9337885
  pitch: 0.0
logoutlocation:
  world: world
  x: -253.5
  y: 69.0
  z: 92.5
  yaw: 186.92761
  pitch: -1.0500913
