lastAccountName: LostDesire
timestamps:
  login: 1608051355584
  logout: 1608051430300
ipAddress: 217.77.27.47
lastlocation:
  world: world
  x: -244.5
  y: 67.0
  z: 95.5
  yaw: 1.1571248
  pitch: 0.0
logoutlocation:
  world: world
  x: -222.92500001192093
  y: 67.0
  z: 93.17198422692105
  yaw: 287.0747
  pitch: 19.602331
