lastAccountName: bbman22
timestamps:
  login: 1612737405319
  logout: 1612737472579
ipAddress: 107.197.171.142
lastlocation:
  world: world
  x: -244.5
  y: 67.0
  z: 97.5
  yaw: 3.9476662
  pitch: 0.0
logoutlocation:
  world: world
  x: -253.7644561167258
  y: 68.0
  z: 98.30000001192094
  yaw: -110.051476
  pitch: -0.86083716
