lastAccountName: STra1z
timestamps:
  login: 1608761830267
  logout: 1608761934527
  lastteleport: 1608761897766
ipAddress: 91.80.21.224
lastlocation:
  world: world
  x: -1067.5276312117592
  y: 7.0
  z: -897.6999999880791
  yaw: -168.65593
  pitch: 21.300442
logoutlocation:
  world: world
  x: -1056.4289756613475
  y: 67.0
  z: -929.9539827659942
  yaw: -185.32861
  pitch: 23.99935
homes:
  house:
    world: world
    x: -1048.482611550166
    y: 68.0
    z: -933.1689143634268
    yaw: -209.78233
    pitch: 41.549282
money: '178.192499999999999'
