lastAccountName: STra1z
timestamps:
  login: 1612709426170
  logout: 1612709494594
  lastteleport: 1611956431036
ipAddress: 78.134.113.86
lastlocation:
  world: world_nether
  x: -229.98715311582322
  y: 32.0
  z: 49.82608085075136
  yaw: 358.49902
  pitch: 21.449577
logoutlocation:
  world: world
  x: -1951.0281436681257
  y: 59.0
  z: 342.3540281853119
  yaw: -108.49505
  pitch: 33.30022
homes:
  mine:
    world: world
    x: -1969.5456950326359
    y: 70.0
    z: 323.14816280797135
    yaw: -84.83426
    pitch: 3.1503935
  bee:
    world: world
    x: -1045.5982105561657
    y: 68.0
    z: -929.6389654913921
    yaw: 276.02563
    pitch: 21.600206
money: '5311.192499999999999'
