lastAccountName: STra1z
timestamps:
  login: 1610487462579
  logout: 1610490748500
  lastteleport: 1610489424229
ipAddress: 109.118.86.150
lastlocation:
  world: world
  x: -858.3000000119209
  y: 73.0
  z: 157.0735465900181
  yaw: -11.573842
  pitch: 20.40056
logoutlocation:
  world: world
  x: -1983.4929475132599
  y: 68.0
  z: 325.97569291752416
  yaw: -267.3457
  pitch: 13.199273
homes:
  mine:
    world: world
    x: -1969.5456950326359
    y: 70.0
    z: 323.14816280797135
    yaw: -84.83426
    pitch: 3.1503935
  bee:
    world: world
    x: -1045.5982105561657
    y: 68.0
    z: -929.6389654913921
    yaw: 276.02563
    pitch: 21.600206
money: '311.192499999999999'
