lastAccountName: STra1z
timestamps:
  login: 1609672725685
  logout: 1609675660043
  lastteleport: 1609673168635
ipAddress: 88.149.211.175
lastlocation:
  world: world
  x: -1047.2049274584795
  y: 68.0
  z: -934.3151825626261
  yaw: -266.95923
  pitch: 13.64986
logoutlocation:
  world: world
  x: -1961.877705546223
  y: 70.0
  z: 328.3803276825715
  yaw: 323.92236
  pitch: 0.15039682
homes:
  home:
    world: world
    x: -1052.5977156338354
    y: 68.0
    z: -929.6017658280783
    yaw: -252.16907
    pitch: 46.499866
  mine:
    world: world
    x: -1979.9228177232876
    y: 68.0
    z: 334.6498239036564
    yaw: -108.34615
    pitch: 20.399979
money: '267.192499999999999'
