lastAccountName: Blaz3girl
timestamps:
  login: 1609606323739
  lastteleport: 1609606861889
  logout: 1609606967352
ipAddress: 62.11.2.251
lastlocation:
  world: world
  x: -259.3384813217701
  y: 63.0
  z: 191.98571879984675
  yaw: 187.33167
  pitch: 4.200002
money: '820.2500000000000107'
logoutlocation:
  world: world
  x: -252.94622635840855
  y: 69.0
  z: 92.85799905540945
  yaw: 308.68164
  pitch: 44.400066
