lastAccountName: Blaz3girl
timestamps:
  login: 1610117062226
  lastteleport: 1609944330164
  logout: 1610117160537
ipAddress: 62.11.2.251
lastlocation:
  world: world
  x: -445.3452826516658
  y: 82.0
  z: 250.59474737074635
  yaw: -204.01816
  pitch: 28.800074
money: '1951.5100000000000502'
logoutlocation:
  world: world
  x: -491.11716168666993
  y: 97.0
  z: 252.54119805023674
  yaw: -182.94087
  pitch: 36.149956
