lastAccountName: Blaz3girl
timestamps:
  login: 1608129473031
  lastteleport: 1608045217133
  logout: 1608129532345
ipAddress: 62.11.2.251
lastlocation:
  world: world
  x: -252.93340226098996
  y: 69.0
  z: 93.52835447718988
  yaw: -192.12343
  pitch: 32.69995
money: '262.240000000000003'
logoutlocation:
  world: world
  x: -27.541747478001163
  y: 17.0
  z: 204.62339751716684
  yaw: 175.83075
  pitch: -55.049984
