lastAccountName: Blaz3girl
timestamps:
  login: 1612630674129
  lastteleport: 1612367165119
  logout: 1612631336049
ipAddress: 62.11.2.251
lastlocation:
  world: world_nether
  x: -12.834423358815517
  y: 10.0
  z: -250.30000001192093
  yaw: 287.22955
  pitch: 26.550058
money: '10432.5638000000000452'
logoutlocation:
  world: world
  x: -472.5
  y: 59.0
  z: -1480.5
  yaw: 0.45962465
  pitch: 0.016992
homes:
  home:
    world: world
    x: -469.67890174672675
    y: 64.0
    z: -1478.188757561943
    yaw: -71.20807
    pitch: 53.10003
  villagre:
    world: world
    x: -1913.6902441225761
    y: 64.0
    z: -2528.900056200007
    yaw: 115.01589
    pitch: 10.350052
