lastAccountName: Twitch_Worxyboi
timestamps:
  login: 1611778011131
  logout: 1611778022776
ipAddress: 146.90.110.71
lastlocation:
  world: world
  x: -260.5
  y: 67.0
  z: 99.5
  yaw: 3.1436641
  pitch: 0.0
logoutlocation:
  world: world
  x: -260.5
  y: 67.0
  z: 99.5
  yaw: 3.1436641
  pitch: 0.0
