lastAccountName: Gustavdrengen
timestamps:
  login: 1608047750134
  logout: 1608047885309
ipAddress: 2.107.249.10
lastlocation:
  world: world
  x: -263.5
  y: 67.0
  z: 96.5
  yaw: 5.4742703
  pitch: 0.0
logoutlocation:
  world: world
  x: 421.2060949400085
  y: 49.80280218824763
  z: -526.0623442694273
  yaw: -266.2689
  pitch: 87.85626
