lastAccountName: Fossiel69
timestamps:
  login: 1608470084061
  logout: 1608471093324
ipAddress: 87.209.26.172
lastlocation:
  world: world
  x: -256.5
  y: 67.0
  z: 97.5
  yaw: 2.047676
  pitch: 0.0
money: '115.32'
logoutlocation:
  world: world
  x: -118.30000001192093
  y: 62.0
  z: -571.3000000119209
  yaw: -342.8656
  pitch: 56.249763
