lastAccountName: BenBrigade
timestamps:
  login: 1609959942313
  logout: 1609969528874
  lastteleport: 1609961221613
ipAddress: 85.191.191.252
lastlocation:
  world: world
  x: -411.30000001192093
  y: 62.0
  z: -1273.6939120531893
  yaw: 1.1878052
  pitch: 77.31152
money: '1558.0'
afk: false
logoutlocation:
  world: world
  x: -409.90144576262236
  y: 51.5
  z: -1261.5255966758257
  yaw: -46.521244
  pitch: 29.86938
homes:
  home:
    world: world
    x: -394.5439050622921
    y: 56.0
    z: -1240.5676094939604
    yaw: 163.62683
    pitch: -0.4320718
  ac:
    world: world
    x: -484.48916903900823
    y: 130.0
    z: -1083.534522633384
    yaw: 228.61392
    pitch: 23.72113
