lastAccountName: SadgeEU
timestamps:
  login: 1609709835967
  logout: 1609709920437
ipAddress: 83.250.206.70
lastlocation:
  world: world
  x: -259.5
  y: 67.0
  z: 102.5
  yaw: 3.985846
  pitch: 0.0
logoutlocation:
  world: world
  x: -241.98840189661252
  y: 68.0
  z: 238.83740367462906
  yaw: -30.469303
  pitch: -47.99978
