lastAccountName: SentientFungus
timestamps:
  login: 1608082494002
  logout: 1608082515465
ipAddress: 173.208.81.98
lastlocation:
  world: world
  x: -257.5
  y: 67.0
  z: 102.5
  yaw: 2.4498942
  pitch: 0.0
logoutlocation:
  world: world
  x: -253.25592785989392
  y: 69.0
  z: 95.00833836535597
  yaw: -172.77216
  pitch: 15.300064
