lastAccountName: Jon_Gat
timestamps:
  login: 1608074705202
  logout: 1608076477912
ipAddress: 74.139.208.28
lastlocation:
  world: world
  x: -257.5
  y: 67.0
  z: 97.5
  yaw: 1.6265333
  pitch: 0.0
logoutlocation:
  world: world
  x: -380.6069139245631
  y: 65.0
  z: -1247.9496428945704
  yaw: -82.06
  pitch: 5.5499473
