lastAccountName: Jaw3z
timestamps:
  login: 1608034867830
  logout: 1608035396237
ipAddress: 82.10.164.44
lastlocation:
  world: world
  x: -263.5
  y: 67.0
  z: 96.5
  yaw: 0.10320162
  pitch: 0.0
logoutlocation:
  world: world
  x: -133.06887926246645
  y: 67.0
  z: -486.30000001192093
  yaw: -65.687256
  pitch: 14.39992
