lastAccountName: Himinu
timestamps:
  login: 1607690744959
  logout: 1607690781459
ipAddress: 77.251.240.81
lastlocation:
  world: world
  x: -260.5
  y: 67.0
  z: 86.5
  yaw: 1.4798837
  pitch: 0.0
logoutlocation:
  world: world
  x: -276.45634231027043
  y: 67.57969854367613
  z: 93.65731559796157
  yaw: -181.17297
  pitch: 23.70005
