lastAccountName: __Shadez__
timestamps:
  login: 1612538986141
  logout: 1612539047202
ipAddress: 86.185.254.136
lastlocation:
  world: world
  x: -244.5
  y: 67.0
  z: 96.5
  yaw: 0.3498054
  pitch: 0.0
afk: false
logoutlocation:
  world: world
  x: -255.00361134230764
  y: 67.0
  z: 102.2613931059947
  yaw: 19.333584
  pitch: 9.299922
