lastAccountName: Technickcraft
timestamps:
  login: 1611669857078
  logout: 1611670177741
ipAddress: 91.20.106.208
lastlocation:
  world: world
  x: -263.5
  y: 67.0
  z: 98.5
  yaw: 3.8772914
  pitch: 0.0
logoutlocation:
  world: world
  x: -315.8877395819441
  y: 73.0
  z: 596.955065366503
  yaw: -99.619545
  pitch: 29.399662
