lastAccountName: Muffin_Head_Tris
timestamps:
  login: 1610989366782
  logout: 1610989386393
ipAddress: 87.60.139.105
lastlocation:
  world: world
  x: -245.5
  y: 67.0
  z: 101.5
  yaw: 1.8659743
  pitch: 0.0
logoutlocation:
  world: world
  x: -208.81853877519723
  y: 67.0
  z: 92.93806511945097
  yaw: 142.03085
  pitch: -7.9501576
