lastAccountName: iRaids
timestamps:
  login: 1608074465273
  logout: 1608074594565
ipAddress: 72.94.255.151
lastlocation:
  world: world
  x: -257.5
  y: 67.0
  z: 97.5
  yaw: 0.79180783
  pitch: 0.0
logoutlocation:
  world: world
  x: -309.57274391983833
  y: 71.0
  z: -35.57120422425757
  yaw: -101.66955
  pitch: 34.20032
