lastAccountName: PinkPorky
timestamps:
  login: 1608044860090
  logout: 1608049104698
ipAddress: 176.72.46.67
lastlocation:
  world: world
  x: -261.5
  y: 67.0
  z: 84.5
  yaw: 2.1077027
  pitch: 0.0
logoutlocation:
  world: world
  x: 797.5
  y: 114.0
  z: 319.5
  yaw: 0.46195066
  pitch: 20.655796
