lastAccountName: _AdamTP
timestamps:
  login: 1610648096622
  logout: 1610648529432
ipAddress: 82.18.0.121
lastlocation:
  world: world
  x: -262.5
  y: 67.0
  z: 101.5
  yaw: 4.1967964
  pitch: 0.0
logoutlocation:
  world: world
  x: -253.77638412444674
  y: 69.0
  z: 89.63610664533881
  yaw: 3.5532532
  pitch: 16.958185
