lastAccountName: MiLkBoNdE
timestamps:
  login: 1610195362333
  logout: 1610195795343
ipAddress: 92.39.38.60
lastlocation:
  world: world
  x: -263.5
  y: 67.0
  z: 99.5
  yaw: 5.6766214
  pitch: 0.0
money: '10.0'
logoutlocation:
  world: world
  x: 1123.157380986517
  y: 62.79517592729915
  z: -496.85975539729264
  yaw: -244.71075
  pitch: 7.506768
