lastAccountName: Gorpthalmus
timestamps:
  login: 1609917374513
  logout: 1609917379675
ipAddress: 68.150.4.23
lastlocation:
  world: world
  x: -260.5
  y: 67.0
  z: 86.5
  yaw: 5.9854627
  pitch: 0.0
logoutlocation:
  world: world
  x: -105.66221958360767
  y: 64.0
  z: 557.0484313205924
  yaw: 318.27142
  pitch: 26.699186
