lastAccountName: StrawberriiMilk_
timestamps:
  login: 1608557985152
  logout: 1608558097108
ipAddress: 173.62.219.107
lastlocation:
  world: world
  x: -258.5
  y: 67.0
  z: 102.5
  yaw: 3.5013497
  pitch: 0.0
logoutlocation:
  world: world
  x: -252.44755762485144
  y: 67.0
  z: 63.570767666185766
  yaw: -295.25946
  pitch: 13.082972
