lastAccountName: Hydrogen123
timestamps:
  login: 1609974728764
  logout: 1609978084278
ipAddress: 174.89.135.252
lastlocation:
  world: world
  x: -257.5
  y: 67.0
  z: 97.5
  yaw: 6.0919123
  pitch: 0.0
money: '500.0'
logoutlocation:
  world: world
  x: -407.9202084133673
  y: 83.0
  z: 45.49729508413466
  yaw: -157.18083
  pitch: 27.958647
