lastAccountName: RubenB07
timestamps:
  login: 1608024857080
  logout: 1608025086486
ipAddress: 94.212.86.238
lastlocation:
  world: world
  x: -259.5
  y: 67.0
  z: 85.5
  yaw: 3.257579
  pitch: 0.0
logoutlocation:
  world: world
  x: -706.7939917017043
  y: 63.0
  z: -800.0081428338506
  yaw: -190.67377
  pitch: 25.525883
