lastAccountName: Hascar
timestamps:
  login: 1608065033784
  logout: 1608065060356
ipAddress: 86.159.254.58
lastlocation:
  world: world
  x: -263.5
  y: 67.0
  z: 101.5
  yaw: 1.2376043
  pitch: 0.0
logoutlocation:
  world: world
  x: -245.21674633532712
  y: 67.49520087700593
  z: 94.61374530893269
  yaw: 259.6764
  pitch: 15.6000595
