lastAccountName: ChristopherCrush
timestamps:
  login: 1608764599266
  logout: 1608764876533
ipAddress: 68.163.104.88
lastlocation:
  world: world
  x: -244.5
  y: 67.0
  z: 96.5
  yaw: 2.6599154
  pitch: 0.0
logoutlocation:
  world: world
  x: -241.01950114033866
  y: 69.0
  z: 96.5662294173321
  yaw: 76.36902
  pitch: 21.449717
