lastAccountName: Posibility
timestamps:
  login: 1608065903068
  logout: 1608065940059
ipAddress: 208.190.192.149
lastlocation:
  world: world
  x: -244.37857830801357
  y: 67.0
  z: 85.218522838684
  yaw: -249.42386
  pitch: 24.750017
logoutlocation:
  world: world
  x: -233.8014584911616
  y: 67.0
  z: 87.33192170805404
  yaw: -201.42429
  pitch: 6.150063
