lastAccountName: Bucky2021
timestamps:
  login: 1612373328119
  logout: 1612373408643
ipAddress: 82.71.53.226
lastlocation:
  world: world
  x: -243.5
  y: 67.0
  z: 94.5
  yaw: 4.988914
  pitch: 0.0
logoutlocation:
  world: world
  x: 594.5
  y: 94.0
  z: 447.5
  yaw: -148.47652
  pitch: 28.62084
money: '250.0'
