lastAccountName: Billy_Not_Really
timestamps:
  login: 1609241483989
  lastteleport: 1609070827459
  logout: 1609243142050
ipAddress: 185.217.69.167
lastlocation:
  world: world
  x: 1390.188540400515
  y: 65.0
  z: -4991.100936346994
  yaw: -82.956894
  pitch: 38.793358
homes:
  home:
    world: world
    x: -199.62825343975715
    y: 57.0
    z: -39.30000001192093
    yaw: 82.52585
    pitch: 30.29999
logoutlocation:
  world: world
  x: -199.86701819652657
  y: 57.5625
  z: -39.44291005871315
  yaw: 36.922363
  pitch: 63.74998
afk: false
money: '1997.899999999999997'
