lastAccountName: Billy_Not_Really
timestamps:
  login: 1609935516914
  lastteleport: 1609070827459
  logout: 1609936665024
ipAddress: 185.17.27.121
lastlocation:
  world: world
  x: 1390.188540400515
  y: 65.0
  z: -4991.100936346994
  yaw: -82.956894
  pitch: 38.793358
homes:
  home:
    world: world
    x: -199.62825343975715
    y: 57.0
    z: -39.30000001192093
    yaw: 82.52585
    pitch: 30.29999
logoutlocation:
  world: world
  x: 2621.23954063032
  y: 65.0
  z: -2729.2986637554636
  yaw: -52.84515
  pitch: 23.550043
afk: false
money: '2119.899999999999997'
