lastAccountName: MineUrBusinesss
timestamps:
  login: 1609969740863
  logout: 1609969793879
ipAddress: 73.209.76.92
lastlocation:
  world: world
  x: -263.5
  y: 67.0
  z: 96.5
  yaw: 1.8617637
  pitch: 0.0
logoutlocation:
  world: world
  x: -249.62292253358575
  y: 68.0
  z: 111.98832658271921
  yaw: 157.36261
  pitch: 10.140609
