lastAccountName: mutedroses
timestamps:
  login: 1608042793384
  logout: 1608042861557
ipAddress: 86.0.13.115
lastlocation:
  world: world
  x: -262.5
  y: 67.0
  z: 97.5
  yaw: 2.5859408
  pitch: 0.0
logoutlocation:
  world: world
  x: 640.8965886999174
  y: 64.0
  z: -911.4821622167684
  yaw: -352.54364
  pitch: 16.723907
