lastAccountName: Fluubs
timestamps:
  login: 1610731167285
  logout: 1610731198540
ipAddress: 86.18.173.105
lastlocation:
  world: world
  x: -260.5
  y: 67.0
  z: 87.5
  yaw: 0.07204679
  pitch: 0.0
money: '250.0'
logoutlocation:
  world: world
  x: 173.72614661023277
  y: 86.0
  z: 753.1629256810583
  yaw: -28.549223
  pitch: 31.35368
