lastAccountName: Sapphirewulf14
timestamps:
  login: 1609254743190
  logout: 1609254849752
ipAddress: 103.88.124.61
lastlocation:
  world: world
  x: -263.5
  y: 67.0
  z: 96.5
  yaw: 0.40877113
  pitch: 0.0
logoutlocation:
  world: world
  x: -244.49434958134836
  y: 68.0
  z: 231.50353454173847
  yaw: -344.56854
  pitch: -79.35009
