lastAccountName: ChainReacted
timestamps:
  login: 1608051382883
  logout: 1608052155948
ipAddress: 83.215.121.122
lastlocation:
  world: world
  x: -258.5
  y: 67.0
  z: 95.5
  yaw: 2.5015855
  pitch: 0.0
logoutlocation:
  world: world
  x: 811.6392631851628
  y: 8.200000047683716
  z: 131.84866798059045
  yaw: -94.2352
  pitch: 41.809204
