lastAccountName: StarmaKarma
timestamps:
  login: 1609653864010
  logout: 1609653878844
ipAddress: 98.1.81.53
lastlocation:
  world: world
  x: -246.5
  y: 67.0
  z: 84.5
  yaw: 1.0190707
  pitch: 0.0
logoutlocation:
  world: world
  x: -253.5
  y: 69.0
  z: 92.5
  yaw: 94.58985
  pitch: 18.138071
