lastAccountName: madsmckay1310
timestamps:
  login: 1611609697726
  lastteleport: 1611614338627
  logout: 1611614572339
ipAddress: 88.108.202.212
lastlocation:
  world: world
  x: -634.2805811799966
  y: 123.0
  z: -20.843103251029333
  yaw: -234.36357
  pitch: 23.250065
money: '15316.61'
logoutlocation:
  world: world
  x: -261.31525180946073
  y: 67.0
  z: 112.7056548424869
  yaw: -141.19518
  pitch: 12.450018
