lastAccountName: tqmpon_
timestamps:
  login: 1608065079384
  logout: 1608065115451
ipAddress: 151.229.255.197
lastlocation:
  world: world
  x: -262.5
  y: 67.0
  z: 86.5
  yaw: 5.890015
  pitch: 0.0
logoutlocation:
  world: world
  x: -254.1853369379107
  y: 67.0
  z: 121.50263594176246
  yaw: 172.37653
  pitch: 0.6000898
