lastAccountName: dannyer87
timestamps:
  login: 1611895559796
  logout: 1611895578708
ipAddress: 203.211.97.122
lastlocation:
  world: world
  x: -249.5
  y: 67.0
  z: 100.5
  yaw: 3.1145453
  pitch: 0.0
logoutlocation:
  world: world
  x: -253.58135870984742
  y: 69.0
  z: 92.31463208161563
  yaw: -105.108116
  pitch: 13.871166
