lastAccountName: verzion
timestamps:
  login: 1609677534385
  logout: 1609677726787
  lastteleport: 1609245439998
ipAddress: 82.15.220.198
logoutlocation:
  world: world
  x: -351.77307090987574
  y: 76.0
  z: -268.8030352584302
  yaw: -228.61964
  pitch: -2.6999521
lastlocation:
  world: world
  x: -351.77307090987574
  y: 76.0
  z: -268.8030352584302
  yaw: -226.66931
  pitch: -6.299947
money: '3487.72499999999999988'
godmode: false
afk: false
homes:
  home:
    world: world
    x: 602.4809326897538
    y: 71.0
    z: -348.57585448064054
    yaw: 320.5763
    pitch: 17.550043
  outside:
    world: world
    x: 615.5992246644885
    y: 71.0
    z: -331.6044738582332
    yaw: 270.1762
    pitch: 6.900059
  mine:
    world: world
    x: 600.3698962755377
    y: 69.0
    z: -350.69999998807907
    yaw: -5.226166
    pitch: 21.750046
