lastAccountName: verzion
timestamps:
  login: 1607671478356
  logout: 1607671851763
  lastteleport: 1607671742088
ipAddress: 82.15.220.198
logoutlocation:
  world: world
  x: -269.17580871813396
  y: 87.91500836116681
  z: 110.99563657499124
  yaw: -316.60635
  pitch: 46.500534
lastlocation:
  world: world
  x: -253.65794338953822
  y: 69.0
  z: 89.76418718916207
  yaw: 184.5262
  pitch: 9.450018
