lastAccountName: verzion
timestamps:
  login: 1609007622575
  logout: 1609008020388
  lastteleport: 1609005424005
ipAddress: 82.15.220.198
logoutlocation:
  world: world
  x: 355.5349759222437
  y: 64.0
  z: 801.1891572071597
  yaw: -131.21967
  pitch: 4.6500874
lastlocation:
  world: world
  x: -282.5290742595405
  y: 99.10545248000348
  z: 44.46730267010663
  yaw: -77.07464
  pitch: 16.350092
money: '6019.0'
godmode: false
afk: false
homes:
  home:
    world: world
    x: 602.4809326897538
    y: 71.0
    z: -348.57585448064054
    yaw: 320.5763
    pitch: 17.550043
  outside:
    world: world
    x: 615.5992246644885
    y: 71.0
    z: -331.6044738582332
    yaw: 270.1762
    pitch: 6.900059
  mine:
    world: world
    x: 600.3698962755377
    y: 69.0
    z: -350.69999998807907
    yaw: -5.226166
    pitch: 21.750046
