lastAccountName: verzion
timestamps:
  login: 1607552076328
  logout: 1607552459375
ipAddress: 82.15.220.198
logoutlocation:
  world: world
  x: -253.95442055245755
  y: 69.0
  z: 96.0797084755147
  yaw: -174.59245
  pitch: 10.500233
