lastAccountName: verzion
timestamps:
  login: 1607780394340
  logout: 1607779855740
  lastteleport: 1607779563839
ipAddress: 82.15.220.198
logoutlocation:
  world: world
  x: -253.5
  y: 69.0
  z: 92.5
  yaw: 269.42648
  pitch: 0.6000742
lastlocation:
  world: world
  x: 889.4901828160075
  y: 129.09998139939304
  z: 319.38935239988047
  yaw: -173.70264
  pitch: 21.675045
