lastAccountName: verzion
timestamps:
  login: 1608130004730
  logout: 1608129793943
  lastteleport: 1608127391275
ipAddress: 82.15.220.198
logoutlocation:
  world: world
  x: -250.61163438619843
  y: 81.74305943840689
  z: 98.03542711234061
  yaw: -175.62201
  pitch: 13.800236
lastlocation:
  world: world
  x: 7675.794002797955
  y: 72.7377265646351
  z: 1306.188419927112
  yaw: -167.57654
  pitch: 18.899933
money: '5000.0'
godmode: false
