lastAccountName: Luka0198
timestamps:
  login: 1612289659156
  logout: 1612289676368
ipAddress: 89.233.119.49
lastlocation:
  world: world
  x: -262.5
  y: 67.0
  z: 84.5
  yaw: 5.349469
  pitch: 0.0
logoutlocation:
  world: world
  x: -251.2848965925647
  y: 65.0
  z: 168.77637120518622
  yaw: -30.22724
  pitch: 20.941177
