lastAccountName: NaomiR06
timestamps:
  login: 1608689933808
  logout: 1608689951811
ipAddress: 72.39.74.242
lastlocation:
  world: world
  x: -263.5
  y: 67.0
  z: 101.5
  yaw: 1.0081193
  pitch: 0.0
logoutlocation:
  world: world
  x: -253.5
  y: 69.0
  z: 92.5
  yaw: -3.1234741
  pitch: 0.0
