lastAccountName: ItzCloudeez
timestamps:
  login: 1609969723164
  logout: 1609969762129
ipAddress: 73.8.30.51
lastlocation:
  world: world
  x: -248.5
  y: 67.0
  z: 100.5
  yaw: 2.8866706
  pitch: 0.0
money: '250.0'
logoutlocation:
  world: world
  x: -370.3750098949927
  y: 69.0
  z: 661.9098476477611
  yaw: 42.579933
  pitch: 14.567306
