lastAccountName: Qwayaciik
timestamps:
  login: 1608044803333
  logout: 1608046048711
ipAddress: 96.54.122.89
lastlocation:
  world: world
  x: -244.5
  y: 67.0
  z: 96.5
  yaw: 0.93138283
  pitch: 0.0
logoutlocation:
  world: world
  x: 321.5665023171275
  y: 64.0
  z: -1106.300000011921
  yaw: -163.3879
  pitch: 9.42408
