lastAccountName: AbuAbu22
timestamps:
  login: 1608034434280
  logout: 1608034975388
ipAddress: 58.7.244.1
lastlocation:
  world: world
  x: -245.5
  y: 67.0
  z: 98.5
  yaw: 1.2807955
  pitch: 0.0
logoutlocation:
  world: world
  x: -365.36402710661446
  y: 64.0
  z: 59.143631835997525
  yaw: -81.54187
  pitch: -1.3671936
