spawns: 
  default: 
    world: world
    x: -253.35370794629685
    y: 69.0
    z: 92.65030185932746
    yaw: -3.1234741
    pitch: 67.05007
